3.164023035459032629e-01
3.162840112947938875e-01
3.161529290031097617e-01
3.160117234442735845e-01
3.158582773185866777e-01
3.156921691813150965e-01
3.155128013776192231e-01
3.153180981559913776e-01
3.151134815452650284e-01
3.148938229155855417e-01
3.146641262919663284e-01
3.144188319719653513e-01
3.141682685115315121e-01
3.139016587342822184e-01
3.136290233491508816e-01
3.133476087102960994e-01
3.130577887229475387e-01
3.127584905013408578e-01
3.124535881054823494e-01
3.121397994364312756e-01
3.118204356128198018e-01
3.114956152635456887e-01
3.111653016808375583e-01
3.108287136709141918e-01
3.104875092731210762e-01
3.101439957566877736e-01
3.097785687804524568e-01
3.094254974465655006e-01
3.090699850955935246e-01
3.087083776519499168e-01
3.083412162367707432e-01
3.079695117824636230e-01
3.075948731442542106e-01
3.072180597047510786e-01
3.068361354634703275e-01
3.064526687141219119e-01
3.060632029388370978e-01
3.056687149580777918e-01
3.052713941647477447e-01
3.048697656708744264e-01
3.044661076336930283e-01
3.040605179736217689e-01
3.036493250010148248e-01
3.032339159526865613e-01
3.028156883623552842e-01
3.023934884533083234e-01
3.019687006470541113e-01
3.015393185364224626e-01
3.011079122541345798e-01
3.006719948580450219e-01
3.002313784365206462e-01
2.997993471511137820e-01
2.993524419132010950e-01
2.989038626640746488e-01
2.984498582866254579e-01
2.979948702805484961e-01
2.975315094399206273e-01
2.970704501429015099e-01
2.966011275810953030e-01
2.961300827063718111e-01
2.956547424098068810e-01
2.951777908364590086e-01
2.946938438722674913e-01
2.942083179977318941e-01
2.937184846165054042e-01
2.932237212638281187e-01
2.927286049066307738e-01
2.922283909560126069e-01
2.917220767757325306e-01
2.912136654972931060e-01
2.896073555212678174e-01
2.890874939671835842e-01
2.885405715700096740e-01
2.891576905410148668e-01
2.886318879301945084e-01
2.880984319485019873e-01
2.875618124159858291e-01
2.870235219164495311e-01
2.864795174178988435e-01
2.859310218811461080e-01
2.853785823395373344e-01
2.848227978616408862e-01
2.842634562021896238e-01
2.837005643239721708e-01
2.831313731334981765e-01
2.825577816905327500e-01
2.819821636967595468e-01
2.814032382706311286e-01
2.796392628153538396e-01
2.790474662875063738e-01
2.784303323690888732e-01
2.790628975432251635e-01
2.784626411770932397e-01
2.778577434244340894e-01
2.772484892887581709e-01
2.766365574975240271e-01
2.760188985277766682e-01
2.753984169792392800e-01
2.747751631393451355e-01
2.741464133668327641e-01
2.735122634006945663e-01
2.728745435618573079e-01
2.722356442619693895e-01
2.715912815428491167e-01
2.696832209104331746e-01
2.690276859212659688e-01
2.683431880442420092e-01
2.689970527584125692e-01
2.683332262689850922e-01
2.676668796614849466e-01
2.669959771927060133e-01
2.663227052877622514e-01
2.656450401483814172e-01
2.649627712027886606e-01
2.642783633879727256e-01
2.635898292296635081e-01
2.628966531153492103e-01
2.622021788212251514e-01
2.601220292266792633e-01
2.594145983117797094e-01
2.586743949382816488e-01
2.594231741050741502e-01
2.587156822901614528e-01
2.580030315914349504e-01
2.572901703667914708e-01
2.565726181657340677e-01
2.558547003233719308e-01
2.551327890236282925e-01
2.544101311090159467e-01
2.536865010569112067e-01
2.529593979361294820e-01
2.522311718052627216e-01
2.499114092511794671e-01
2.491687175144746691e-01
2.483952964842427724e-01
2.493538135641359954e-01
2.486236171475726120e-01
2.478917772153484689e-01
2.471601748997484249e-01
2.464304560923140375e-01
2.457001410346891512e-01
2.449678324840445509e-01
2.442413947016719433e-01
2.435120078358033735e-01
2.427880194347123710e-01
2.420650516102119953e-01
2.394511046320320913e-01
2.387149592084898131e-01
2.379575937750700310e-01
2.392561524809239948e-01
2.385475091152315374e-01
2.378418920751521337e-01
2.371418191965149469e-01
2.364459753424767163e-01
2.357517355023993066e-01
2.350642549006085880e-01
2.343817472230837751e-01
2.337047822131456398e-01
2.330316449776524690e-01
2.323684271553730640e-01
2.294574735669128174e-01
2.287863961244283872e-01
2.281026839530096439e-01
2.298568131872114340e-01
2.292256634585140007e-01
2.286012023533321169e-01
2.279862835142903721e-01
2.273758528983335914e-01
2.267755053288581513e-01
2.261821146551872552e-01
2.255987467728249041e-01
2.250215838706949301e-01
2.244532321723275992e-01
2.238932590635951680e-01
2.233418974074442009e-01
2.227977686699440241e-01
2.196070106206678418e-01
2.190659304604708202e-01
2.185322037410093454e-01
2.180078857974934448e-01
2.174766263400931265e-01
2.198412615080819199e-01
2.193594833726069948e-01
2.188866811837094084e-01
2.184225319485035843e-01
2.179670409461186009e-01
2.175201103502457656e-01
2.170815427763967131e-01
2.166492608505665718e-01
2.162273464059379646e-01
2.158115421783331211e-01
2.154059134940205511e-01
2.150061474110828152e-01
2.146143217837782891e-01
2.142319167869613239e-01
2.138556498951812157e-01
2.134850495902921030e-01
2.131241156382252810e-01
2.127687091653080176e-01
2.093130372031501429e-01
2.089586756992120320e-01
2.086141605996281179e-01
2.082773005878775785e-01
2.079458598044762740e-01
2.076198582621795463e-01
2.072946451007289248e-01
2.103174104964324331e-01
2.100188953238870671e-01
2.097293739405256541e-01
2.094432127800426868e-01
2.091620960712800570e-01
2.088876511378262024e-01
2.086165036882219881e-01
2.083502841870261690e-01
2.080889570031868030e-01
2.078341556625505626e-01
2.075825031245721597e-01
2.073335080097253313e-01
2.070930739488340000e-01
2.068535703145537030e-01
2.066188108541228696e-01
2.063903497388989428e-01
2.061627938326547338e-01
2.059398940384559451e-01
2.057232179864866561e-01
2.055073784181623842e-01
2.052940409847018866e-01
2.050868989132677567e-01
2.048805415795059981e-01
2.046786583433575779e-01
2.044808776011783902e-01
2.042838325132824429e-01
2.040911674117177055e-01
2.039009148494543844e-01
2.037147023596192208e-01
2.035291350127284571e-01
2.033459391626361579e-01
2.031667188084629316e-01
1.994797899587288370e-01
1.993018875369280130e-01
1.991264477175548053e-01
1.989554307415376255e-01
1.987847344223675761e-01
1.986184585503098787e-01
1.984504161358483232e-01
1.982867982485477243e-01
1.981254910426125115e-01
1.979644718590450603e-01
1.978078108140120805e-01
1.976534560269164742e-01
1.974993660791773964e-01
1.973428007199844736e-01
1.971914454904487579e-01
2.007690963928075167e-01
2.006226784833033128e-01
2.004782254163336164e-01
2.003363072128596101e-01
2.001945915125785680e-01
2.000530762851758237e-01
1.999137889907561250e-01
1.997784667378768586e-01
1.996415846451216336e-01
1.995048934278124408e-01
1.993704039423740970e-01
1.992381102923670988e-01
1.991077134335880183e-01
1.989777778083120785e-01
1.988460057623306354e-01
1.987184150735164800e-01
1.985909868272464907e-01
1.984637222711697624e-01
1.983403480488688808e-01
1.982153823063590448e-01
1.980905893320138722e-01
1.979679420499527165e-01
1.978454461023153310e-01
1.977231012099281149e-01
1.976028727598256873e-01
1.974828062759368952e-01
1.973628854154509116e-01
1.972450816715979327e-01
1.971291217996233303e-01
1.970115972495068701e-01
1.968961776251924589e-01
1.967789305887220896e-01
1.966637721400985861e-01
1.965507178348918083e-01
1.964358384322826556e-01
1.963230461110887781e-01
1.962103728411037640e-01
1.960978393608883985e-01
1.959873810178501541e-01
1.958751032268521708e-01
1.957648859910086636e-01
1.956548023767938072e-01
1.955448424989700840e-01
1.954350068912260596e-01
1.953272184010937385e-01
1.952195581930159796e-01
1.951100874962204967e-01
1.950026662491771701e-01
1.948972788136662249e-01
1.947900913361518271e-01
1.946813447285567211e-01
1.945763119334374680e-01
1.944713854951817811e-01
1.943646662762029687e-01
1.942599760635909112e-01
1.941553982115553634e-01
1.940509252966077236e-01
1.939484771791794016e-01
1.938442338924243336e-01
1.937384448469240128e-01
1.936363209178194322e-01
1.935343104321043672e-01
1.934305113025548972e-01
1.933287170960434342e-01
1.932270314878205553e-01
1.894677285458502003e-01
1.893680592413167774e-01
1.892685000935878936e-01
1.891690471640340987e-01
1.890696987776271654e-01
1.889744162917220971e-01
1.888752705157537293e-01
1.887762243283520602e-01
1.886792661563664597e-01
1.885824012868767552e-01
1.884856399937909766e-01
1.883870077014017097e-01
1.882904486181586068e-01
1.881939822626228220e-01
1.880976188453479803e-01
1.879993926936315285e-01
1.879051824936754655e-01
1.878091151463521513e-01
1.877111875525304674e-01
1.876172717864725004e-01
1.875214991399601072e-01
1.874258232036983829e-01
1.873321917246379698e-01
1.872349921549565921e-01
1.871381209746594276e-01
1.908299985045143476e-01
1.907314645508672579e-01
1.906349715031327996e-01
1.905349660923232047e-01
1.904386710614620892e-01
1.903388747132471193e-01
1.902427778062446562e-01
1.901448470483032005e-01
1.900472883060983775e-01
1.899495597901708077e-01
1.898522020247389031e-01
1.897546729771874552e-01
1.896575212772167729e-01
1.895601925046261904e-01
1.894648790882379474e-01
1.893661078490398719e-01
1.892690783179787617e-01
1.891724220563364978e-01
1.890755898504883348e-01
1.889772276361378067e-01
1.888825033419719024e-01
1.887843415072610331e-01
1.886879070622041743e-01
1.885899506166366646e-01
1.884956108884150716e-01
1.883978570799155761e-01
1.883002052492998568e-01
1.882042640435424574e-01
1.881068132040581986e-01
1.880110680882169649e-01
1.879138224823539427e-01
1.878182742358543988e-01
1.877212255898665916e-01
1.876242798821263769e-01
1.875290282303464784e-01
1.874322820121644417e-01
1.873353473933634383e-01
1.872388048648310488e-01
1.871423617117168869e-01
1.870457269011594759e-01
1.869494844208388351e-01
1.868514769523302033e-01
1.867570058163222912e-01
1.866592028514807988e-01
1.865633608530190002e-01
1.864673241943417825e-01
1.863716816630961171e-01
1.862742847594998918e-01
1.861785444069880002e-01
1.860813494161346338e-01
1.859842607000247450e-01
1.858906635667582630e-01
1.857937737798492084e-01
1.856969843924886898e-01
1.856018352129383542e-01
1.855034109703570522e-01
1.854069275393191163e-01
1.853105465355479042e-01
1.852157915167744195e-01
1.851177797046100748e-01
1.850217027083899124e-01
1.849257248314711832e-01
1.848280229895402638e-01
1.847337601806041396e-01
1.846362627808346146e-01
1.845388684866199891e-01
1.844433974246593722e-01
1.843462094987677324e-01
1.842506226362365107e-01
1.841536381887070029e-01
1.840567573331498563e-01
1.839599805525634901e-01
1.838633063720273297e-01
1.837682190437913976e-01
1.836717467214835642e-01
1.835753765122395409e-01
1.834791089001764908e-01
1.833811462709960260e-01
1.832850852903183669e-01
1.831873308964596658e-01
1.796185759969328721e-01
1.795237359750127548e-01
1.794327825923933417e-01
1.793400293727974437e-01
1.792473731924248692e-01
1.791548125445453221e-01
1.790642334589589435e-01
1.789718607350411217e-01
1.788795837808933586e-01
1.787874017746874655e-01
1.786934364730158875e-01
1.786014459362667561e-01
1.785095512448989230e-01
1.784177502428080098e-01
1.783241733862545864e-01
1.782306952635365760e-01
1.781373143876131271e-01
1.780458960172858485e-01
1.779527085178089219e-01
1.778596184752403442e-01
1.777684845204061392e-01
1.776755862932027918e-01
1.775827857294737244e-01
1.774900820167607529e-01
1.773973593237054003e-01
1.773049652355789818e-01
1.807725381055149960e-01
1.806739485778703913e-01
1.805773110517117086e-01
1.804807777562460747e-01
1.803825087547036299e-01
1.802861853602919784e-01
1.801881298150946886e-01
1.800920156305754194e-01
1.799941728397099483e-01
1.798964371328613809e-01
1.797988083326185760e-01
1.797012862619667972e-01
1.796038707442865479e-01
1.795065622446763154e-01
1.794079216296884105e-01
1.793108273896306393e-01
1.792138389933188580e-01
1.791169562661140136e-01
1.790201790337655752e-01
1.789216962928893151e-01
1.788251314338500930e-01
1.787268651565714073e-01
1.786290970165472503e-01
1.785310478400185807e-01
1.784331068941109877e-01
1.783370734440159477e-01
1.782393465314901504e-01
1.781417279396802222e-01
1.780428183914443685e-01
1.779454165984096503e-01
1.778481219558288862e-01
1.777509349090433954e-01
1.776538546550756881e-01
1.775550972047153508e-01
1.774568508630876285e-01
1.773600943217633341e-01
1.772616656238222288e-01
1.771651229146169182e-01
1.770655419582784773e-01
1.769692148773419349e-01
1.768712223247433935e-01
1.767733386471487256e-01
1.766759728156566123e-01
1.765783069864981236e-01
1.764807507045469404e-01
1.763833025639193475e-01
1.762846150900296283e-01
1.761873851455490192e-01
1.760885072222680703e-01
1.759914941060138349e-01
1.758932521287671358e-01
1.757964557289793395e-01
1.756980190880989279e-01
1.756001112371355366e-01
1.755018962221998602e-01
1.754037911345495970e-01
1.753075362960869743e-01
1.752083316825937265e-01
1.751105558591382616e-01
1.750128910103631863e-01
1.749157587961649163e-01
1.748183123414459583e-01
1.747192453313803906e-01
1.746207170667973541e-01
1.745236000749743055e-01
1.744252977234180546e-01
1.743284007997001339e-01
1.742298918436556432e-01
1.741319250378493277e-01
1.740353547602353779e-01
1.739371783546738159e-01
1.738378344083478244e-01
1.737415926107292174e-01
1.736424755292717004e-01
1.735447439207265241e-01
1.734471237844135427e-01
1.733500508767962800e-01
1.732526507389584025e-01
1.731540999119544066e-01
1.730552231451608913e-01
1.697702806414228549e-01
1.696784605406893576e-01
1.695849417715920016e-01
1.694933211889759206e-01
1.693982137600219540e-01
1.693067956874047542e-01
1.692118965045773527e-01
1.691188911845078469e-01
1.690259886507880227e-01
1.689314044782815882e-01
1.688404888513567181e-01
1.687461112107848105e-01
1.686536181234287168e-01
1.685594499329120532e-01
1.684671599559313115e-01
1.683731999229267362e-01
1.682811147728003887e-01
1.681873616117528503e-01
1.680954782314373896e-01
1.680001691112462670e-01
1.679084909823720939e-01
1.678151518872567083e-01
1.677219179458871445e-01
1.676287872122778633e-01
1.675359928589840453e-01
1.707075574627020531e-01
1.706079365134771375e-01
1.705114397687057803e-01
1.704120507142842522e-01
1.703157774010911896e-01
1.702166188386756152e-01
1.701193194564668276e-01
1.700216398700092335e-01
1.699228292876338586e-01
1.698253758145223391e-01
1.697267971507000484e-01
1.696312990484314109e-01
1.695329491757140428e-01
1.694347153945215401e-01
1.693360970629277096e-01
1.692380948644433558e-01
1.691414276331342226e-01
1.690436527647703469e-01
1.689459940898172807e-01
1.688479457273174555e-01
1.687505160110948643e-01
1.686526958605528703e-01
1.685554931572268988e-01
1.684566983577231447e-01
1.683609250518722511e-01
1.682623605609345208e-01
1.681651073418916065e-01
1.680684739686232332e-01
1.679702570225586333e-01
1.678733415347135050e-01
1.677753550894774404e-01
1.676774843822107230e-01
1.675809081861925343e-01
1.674832673031412533e-01
1.673857409802245177e-01
1.672878179313144198e-01
1.671905218646732305e-01
1.670933424989114457e-01
1.669957606724914445e-01
1.668988097723566599e-01
1.668002977609808202e-01
1.667047325340103858e-01
1.666064521484211525e-01
1.665099583604188749e-01
1.664119119280799697e-01
1.663151261273559389e-01
1.662189753628933175e-01
1.661212740524580511e-01
1.660248283604310315e-01
1.659273574136352347e-01
1.658300042402285068e-01
1.657327659279640986e-01
1.656367717202848477e-01
1.655397621190460855e-01
1.654412199375932258e-01
1.653455627059682576e-01
1.652488991132811391e-01
1.651507055190221673e-01
1.650542732270923185e-01
1.649590640265002350e-01
1.648612198043178378e-01
1.647651277509852019e-01
1.646675168691639213e-01
1.645700215464634963e-01
1.644753732598637774e-01
1.643781075563385818e-01
1.642809599418619815e-01
1.641839275753039784e-01
1.640881002913896491e-01
1.639912979863163978e-01
1.638946113505101998e-01
1.637980406929060995e-01
1.637015847618756292e-01
1.636063209012355024e-01
1.635100919308401235e-01
1.634123696250935898e-01
1.633163722806180163e-01
1.632204901728002144e-01
1.631231171852512429e-01
1.630285257508438668e-01
1.629313839500146632e-01
1.599488163785763861e-01
1.598567693158223224e-01
1.597648268280981165e-01
1.596746902287250192e-01
1.595812597520966103e-01
1.594896331736600226e-01
1.593981136981800772e-01
1.593066979001840633e-01
1.592153872206017173e-01
1.591241814772400287e-01
1.590330788802221673e-01
1.589420824690139511e-01
1.588495067616334799e-01
1.587587189618772654e-01
1.586663573797851834e-01
1.585757785390328745e-01
1.584853039078890913e-01
1.583932597364102468e-01
1.583029919263604646e-01
1.582111600403180440e-01
1.581211004524037955e-01
1.580278128948818250e-01
1.579379629139009422e-01
1.578465528739889656e-01
1.577553667598074749e-01
1.606272338804544675e-01
1.605318810694326137e-01
1.604349892604604866e-01
1.603398680388538611e-01
1.602448599534278817e-01
1.601499658371870749e-01
1.600535401869929708e-01
1.599588749340535021e-01
1.598626808276447930e-01
1.597682446301234294e-01
1.596722822493172878e-01
1.595774753984541827e-01
1.594833782041633896e-01
1.593877603641177254e-01
1.592922576972869153e-01
1.591968710122858566e-01
1.591032269358197693e-01
1.590080685250504777e-01
1.589130249549163543e-01
1.588180970261278413e-01
1.587232830093855962e-01
1.586285826982044567e-01
1.585339973954439097e-01
1.584379121765721321e-01
1.583435557525646742e-01
1.582493122020102172e-01
1.581551833187268274e-01
1.580595606930812191e-01
1.579656585167789618e-01
1.578702661706494481e-01
1.577765918606633677e-01
1.576814304381888021e-01
1.575879811763733207e-01
1.574930483509859591e-01
1.573998252910567275e-01
1.573051217048893613e-01
1.572095503687907236e-01
1.571150777498499518e-01
1.570223066760066122e-01
1.569280616094642089e-01
1.568339302519628775e-01
1.567399123962230079e-01
1.566460088069434042e-01
1.565522187876469407e-01
1.564585416459626233e-01
1.563649771766563445e-01
1.562715251749961509e-01
1.561766174342143487e-01
1.560833931195068081e-01
1.559902806524174068e-01
1.558957161466013319e-01
1.558018793002360902e-01
1.557091064880466169e-01
1.556148862729318516e-01
1.555223372153645978e-01
1.554283441558787227e-01
1.553360180381732347e-01
1.552422517807909297e-01
1.551485997949741125e-01
1.550566089234012290e-01
1.549631820228420387e-01
1.548689404002088765e-01
1.547757415712663898e-01
1.546826559682707436e-01
1.545896833826270744e-01
1.544968231397332858e-01
1.544040750345768986e-01
1.543114388626486977e-01
1.542189144199410944e-01
1.541255902551652290e-01
1.540332914659525432e-01
1.539411037883839650e-01
1.538475028061876138e-01
1.537555385885312487e-01
1.536636848747020001e-01
1.535695241004483291e-01
1.534778944716038707e-01
1.533848597010284698e-01
1.532934524015744926e-01
1.532006427486875821e-01
1.531094560534570770e-01
1.530159839395097976e-01
1.529250188583776149e-01
1.528326578822975235e-01
1.501453197893461156e-01
1.500568076333953227e-01
1.499700059986285583e-01
1.498833055531710590e-01
1.497951022659649856e-01
1.497070026949698374e-01
1.496190066574197564e-01
1.495327111160899280e-01
1.494449196899563792e-01
1.493556379242086396e-01
1.492680542013413159e-01
1.491805731044996974e-01
1.490947820882522201e-01
1.490059180684729090e-01
1.489187437701299521e-01
1.488316713794947399e-01
1.487447011881595504e-01
1.486578325462088734e-01
1.485694884734136412e-01
1.484828242701126400e-01
1.483962610810224680e-01
1.483097987296961573e-01
1.482218677077835334e-01
1.481340408904927575e-01
1.480494493268878498e-01
1.479609846316143340e-01
1.478751486786171188e-01
1.504516342541316887e-01
1.503598931109149106e-01
1.502691484645380660e-01
1.501785138151687515e-01
1.500879889617776075e-01
1.499966971286365858e-01
1.499063930155382085e-01
1.498146508561883916e-01
1.497236962945387440e-01
1.496337227087473354e-01
1.495438577106096012e-01
1.494541011025529442e-01
1.493620518538022190e-01
1.492725149524995465e-01
1.491815512801744070e-01
1.490913749014442791e-01
1.490021642836678040e-01
1.489115316857904658e-01
1.488201589528741486e-01
1.487312746040800604e-01
1.486409730390920725e-01
1.485514586702408601e-01
1.484613767405388862e-01
1.483714043796271198e-01
1.482807024095138537e-01
1.481924651967639062e-01
1.481028202247294534e-01
1.480124508364422942e-01
1.479230248389998281e-01
1.478337072084220105e-01
1.477436703055119427e-01
1.476545704386993396e-01
1.475655783429301871e-01
1.474758720733165274e-01
1.473870965395024657e-01
1.472961134534502003e-01
1.472075558470400669e-01
1.471191050225142127e-01
1.470299482607725639e-01
1.469402218856985798e-01
1.468520935464172061e-01
1.467632642470189652e-01
1.466738643251898899e-01
1.465852536874492906e-01
1.464960714932308505e-01
1.464084777768684120e-01
1.463187134295718117e-01
1.462313328368418930e-01
1.461417889451033514e-01
1.460531484877429509e-01
1.459660866080791097e-01
1.458768709037030209e-01
1.457885526264224851e-01
1.456995565966788253e-01
1.456114537472318893e-01
1.455249200861636616e-01
1.454362492097149573e-01
1.453484660094613579e-01
1.452600131928146465e-01
1.451724438628017311e-01
1.450842078768211640e-01
1.449953990943393112e-01
1.449081493876405446e-01
1.448202376627721333e-01
1.447331994512227882e-01
1.446455029618895771e-01
1.445572328275247787e-01
1.444697520033940974e-01
1.443831369114882135e-01
1.442944307646673308e-01
1.442080264735348116e-01
1.441195376563972619e-01
1.440333442029669564e-01
1.439450727189843515e-01
1.438590885139699738e-01
1.437717787289522486e-01
1.436852570218774550e-01
1.435981585687790274e-01
1.435104254072779306e-01
1.434249618754371292e-01
1.433374424405845227e-01
1.432507671326708198e-01
1.431634622339922613e-01
1.430769979316348084e-01
1.429899075688006449e-01
1.429036538919838117e-01
1.428167764734449008e-01
1.427307318558016513e-01
1.426440665945964414e-01
1.402479156502952629e-01
1.401662593985160687e-01
1.400831885128167031e-01
1.400017235851247765e-01
1.399173413343145489e-01
1.398360695857248648e-01
1.397548920670794170e-01
1.396723079238524623e-01
1.395898210347175095e-01
1.395074316461658859e-01
1.394251400022956944e-01
1.393429450958311722e-01
1.392608467567494068e-01
1.391788448154247793e-01
1.390969403448588382e-01
1.390151319298433552e-01
1.389334194019511970e-01
1.388518025931479161e-01
1.387702821580973356e-01
1.386888575149736458e-01
1.386060501880652385e-01
1.385248174424015821e-01
1.384422061746392041e-01
1.383626384572337609e-01
1.382816910661803234e-01
1.381993687224674916e-01
1.381183678066880693e-01
1.404179681636115729e-01
1.403322857272289725e-01
1.402488991386411366e-01
1.401634255546914676e-01
1.400780573456787415e-01
1.399935168616684988e-01
1.399083571475985832e-01
1.398240225822462712e-01
1.397390709923386765e-01
1.396542238010217707e-01
1.395701961596443608e-01
1.394855563348962879e-01
1.394010203259245795e-01
1.393158542413543699e-01
1.392315260299105129e-01
1.391480073284517283e-01
1.390638833880299963e-01
1.389798634820580969e-01
1.388952126023582645e-01
1.388113974040871001e-01
1.387262537758446879e-01
1.386433422110176783e-01
1.385598340404606277e-01
1.384756952236642635e-01
1.383923910434996241e-01
1.383077648719224784e-01
1.382239326145230651e-01
1.381409341784056444e-01
1.380566182065376402e-01
1.379745072050107824e-01
1.378903964334405041e-01
1.378063889421740629e-01
1.377231647574623241e-01
1.376407727316194263e-01
1.375570720146736536e-01
1.374741493680697590e-01
1.373906531127068453e-01
1.373072589942118671e-01
1.372246381302530682e-01
1.371414473429548031e-01
1.370583581259832984e-01
1.369760373877782489e-01
1.368931503800221161e-01
1.368103647553584046e-01
1.367276810740848947e-01
1.366457572189759828e-01
1.365618851503714037e-01
1.364795039403562393e-01
1.363978775109062624e-01
1.363156959135245205e-01
1.362322319803179194e-01
1.361502514593960211e-01
1.360690201912570507e-01
1.359858602118372284e-01
1.359041790175440356e-01
1.358218674608125953e-01
1.357403840561948460e-01
1.356576295459846759e-01
1.355763453635377425e-01
1.354944312598265754e-01
1.354133441454078157e-01
1.353309906640826621e-01
1.352487390559529157e-01
1.351672202360195141e-01
1.350865283099006164e-01
1.350045754494896277e-01
1.349227229912673409e-01
1.348415980178418461e-01
1.347599440640790958e-01
1.346797421123033245e-01
1.345982862373688582e-01
1.345175515276179068e-01
1.344362930641084253e-01
1.343551337165934945e-01
1.342740736568139304e-01
1.341923856296648176e-01
1.341115229526562147e-01
1.340307579541794858e-01
1.339500922193841703e-01
1.338695238013968836e-01
1.337896622454028961e-01
1.337079553553624511e-01
1.336276803508625044e-01
1.335475026495230866e-01
1.334666972650919159e-01
1.333867137149719051e-01
1.333068265859866375e-01
1.332257135179944207e-01
1.331460207826540842e-01
1.330657015448515612e-01
1.329862011922685605e-01
1.329054807590917819e-01
1.328248580991062688e-01
1.327456489986395538e-01
1.326652220326415554e-01
1.325854822091172835e-01
1.325065594228577726e-01
1.303880135339664514e-01
1.303115533740260290e-01
1.302351835714319062e-01
1.301603144263705769e-01
1.300827114585468292e-01
1.300066088369938033e-01
1.299305959399295607e-01
1.298546711478588689e-01
1.297788357660635550e-01
1.297030881808997060e-01
1.296260294509765376e-01
1.295504599039809523e-01
1.294749795027862194e-01
1.293995859211729271e-01
1.293228874434637909e-01
1.292476710140241236e-01
