3.183098861837906912e-01
3.183097345840389947e-01
3.183092797843506405e-01
3.183085217834260572e-01
3.183074605790990885e-01
3.183060961683372159e-01
3.183044285472413915e-01
3.183024577110458719e-01
3.183001836541184404e-01
3.182976063699600178e-01
3.182947258512048294e-01
3.182915420896200165e-01
3.182880550761058580e-01
3.182842648006953268e-01
3.182801712525542004e-01
3.182757744199806726e-01
3.182710742904054091e-01
3.182660708503911584e-01
3.182607640856326969e-01
3.182551539809566066e-01
3.182492405203210528e-01
3.182430236868156181e-01
3.182365034626607470e-01
3.182296798292079676e-01
3.182225527669392817e-01
3.182151222554670533e-01
3.182073882735335091e-01
3.181993507990107939e-01
3.181910098089002492e-01
3.181823652793323576e-01
3.181734171855663540e-01
3.181641655019897263e-01
3.181546102021180489e-01
3.181447512585945381e-01
3.181345886431894976e-01
3.181241223268002072e-01
3.181133522794502011e-01
3.181022784702891570e-01
3.180909008675920080e-01
3.180792194387590532e-01
3.180672341503151257e-01
3.180549449679089813e-01
3.180423518563132990e-01
3.180294547794235704e-01
3.180162537002582668e-01
3.180027485809576171e-01
3.179889393827834976e-01
3.179748260661188208e-01
3.179604085904667587e-01
3.179456869144504094e-01
3.179306609958121310e-01
3.179153307914128201e-01
3.178996962572313567e-01
3.178837573483640488e-01
3.178675140190239112e-01
3.178509662225399435e-01
3.178341139113566305e-01
3.178169570370331098e-01
3.177994955502424501e-01
3.177817294007710958e-01
3.177636585375180345e-01
3.177452829084940755e-01
3.177266024608210726e-01
3.177076171407312022e-01
3.176883268935661864e-01
3.176687316637764602e-01
3.176488313949203945e-01
3.176286260296635744e-01
3.176081155097776332e-01
3.175872997761399197e-01
3.175661787687322213e-01
3.175447524266400978e-01
3.175230206880518824e-01
3.175009834902579042e-01
3.174786407696494339e-01
3.174559924617179618e-01
3.174330385010540323e-01
3.174097788213464666e-01
3.173862133553813636e-01
3.173623420350409896e-01
3.173381647913029457e-01
3.173136815542391131e-01
3.172888922530145983e-01
3.172637968158867339e-01
3.172383951702040239e-01
3.172126872424050892e-01
3.171866729580176125e-01
3.171603522416571730e-01
3.171337250170261912e-01
3.171067912069128192e-01
3.170795507331899965e-01
3.170520035168137851e-01
3.170241494778227032e-01
3.169959885353365592e-01
3.169675206075547869e-01
3.169387456117557234e-01
3.169096634642952770e-01
3.168802740806055396e-01
3.168505773751936760e-01
3.168205732616406478e-01
3.167902616525999360e-01
3.167596424597963201e-01
3.167287155940243792e-01
3.166974809651473266e-01
3.166659384820957879e-01
3.166340880528661361e-01
3.166019295845194925e-01
3.165694629831800611e-01
3.165366881540338517e-01
3.165036050013274038e-01
3.164702134283661206e-01
3.164365133375129369e-01
3.164025046301870980e-01
3.163681872068622170e-01
3.163335609670652748e-01
3.162986258093747893e-01
3.162633816314194823e-01
3.162278283298767811e-01
3.161919658004710976e-01
3.161557939379723292e-01
3.161193126361945827e-01
3.160825217879940086e-01
3.160454212852678579e-01
3.160080110189522618e-01
3.159702908790211207e-01
3.159322607544840511e-01
3.158939205333848310e-01
3.158552701028000120e-01
3.158163093488368101e-01
3.157770381566314954e-01
3.157374564103479497e-01
3.156975639931755007e-01
3.156573607873274234e-01
3.156168466740392753e-01
3.155760215335666752e-01
3.155348852451839159e-01
3.154934376871818547e-01
3.154516787368664699e-01
3.154096082705563076e-01
3.153672261635813712e-01
3.153245322902807346e-01
3.152815265240008213e-01
3.152382087370934616e-01
3.151945788009137828e-01
3.151506365858186554e-01
3.151063819611642502e-01
3.150618147953043735e-01
3.150169349555882459e-01
3.149717423083586154e-01
3.149262367189497036e-01
3.148804180516850404e-01
3.148342861698754658e-01
3.147878409358170759e-01
3.147410822107890027e-01
3.146940098550511933e-01
3.146466237278427447e-01
3.145989236873790174e-01
3.145509095908500807e-01
3.145025812944181598e-01
3.144539386532153036e-01
3.144049815213417753e-01
3.143557097518629995e-01
3.143061231968078406e-01
3.142562217071659947e-01
3.142060051328858794e-01
3.141554733228721363e-01
3.141046261249835769e-01
3.140534633860302960e-01
3.140019849517718953e-01
3.139501906669145415e-01
3.138980803751088566e-01
3.138456539189474759e-01
3.137929111399623827e-01
3.137398518786225221e-01
3.136864759743314135e-01
3.136327832654244863e-01
3.135787735891665262e-01
3.135244467817492331e-01
3.134698026782885560e-01
3.134148411128221401e-01
3.133595619183066061e-01
3.133039649266151083e-01
3.132480499685343922e-01
3.131918168737622965e-01
3.131352654709050887e-01
3.130783955874746893e-01
3.130212070498858412e-01
3.129636996834533891e-01
3.129058733123896707e-01
3.128477277598014084e-01
3.127892628476870995e-01
3.127304783969341306e-01
3.126713742273158347e-01
3.126119501574886606e-01
3.125522060049893969e-01
3.124921415862318974e-01
3.124317567165043608e-01
3.123710512099663883e-01
3.123100248796459311e-01
3.122486775374361256e-01
3.121870089940925741e-01
3.121250190592298468e-01
3.120627075413187623e-01
3.120000742476832234e-01
3.119371189844968861e-01
3.118738415567801070e-01
3.118102417683968897e-01
3.117463194220514988e-01
3.116820743192854071e-01
3.116175062604738533e-01
3.115526150448226783e-01
3.114874004703650501e-01
3.114218623339582437e-01
3.113560004312799223e-01
3.112898145568252506e-01
3.112233045039031754e-01
3.111564700646332060e-01
3.110893110299416953e-01
3.110218271895587305e-01
3.109540183320144702e-01
3.108858842446356463e-01
3.108174247135419010e-01
3.107486395236425114e-01
3.106795284586325034e-01
3.106100913009892661e-01
3.105403278319687765e-01
3.104702378316020472e-01
3.103998210786912404e-01
3.103290773508061706e-01
3.102580064242804747e-01
3.101866080742078369e-01
3.101148820744381585e-01
3.100428281975738387e-01
3.099704462149657225e-01
3.098977358967096030e-01
3.098246970116418919e-01
3.097513293273360113e-01
3.096776326100981747e-01
3.096036066249636676e-01
3.095292511356925735e-01
3.094545659047659991e-01
3.093795506933817996e-01
3.093042052614505821e-01
3.092285293675914870e-01
3.091525227691283018e-01
3.090761852220848538e-01
3.089995164811811246e-01
3.089225162998289198e-01
3.088451844301275950e-01
3.087675206228597258e-01
3.086895246274867777e-01
3.086111961921449431e-01
3.085325350636404229e-01
3.084535409874452627e-01
3.083742137076926904e-01
3.082945529671729523e-01
3.082145585073284288e-01
3.081342300682494706e-01
3.080535673886694581e-01
3.079725702059604719e-01
3.078912382561285743e-01
3.078095712738089795e-01
3.077275689922616686e-01
3.076452311433665043e-01
3.075625574576182353e-01
3.074795476641221659e-01
3.073962014905888829e-01
3.073125186633297590e-01
3.072284989072517902e-01
3.071441419458527111e-01
3.070594475012161650e-01
3.069744152940067083e-01
3.068890450434644257e-01
3.068033364674004337e-01
3.067172892821913299e-01
3.066309032027741410e-01
3.065441779426413271e-01
3.064571132138355081e-01
3.063697087269441344e-01
3.062819641910941582e-01
3.061938793139468706e-01
3.061054538016926840e-01
3.060166873590452474e-01
3.059275796892365618e-01
3.058381304940112622e-01
3.057483394736210669e-01
3.056582063268194482e-01
3.055677307508558593e-01
3.054769124414702386e-01
3.053857510928873475e-01
3.052942463978109422e-01
3.052023980474183329e-01
3.051102057313543892e-01
3.050176691377257110e-01
3.049247879530950223e-01
3.048315618624749535e-01
3.047379905493224905e-01
3.046440736955327022e-01
3.045498109814328558e-01
3.044552020857763108e-01
3.043602466857365796e-01
3.042649444569010542e-01
3.041692950732648448e-01
3.040732982072246182e-01
3.039769535295722691e-01
3.038802607094888142e-01
3.037832194145376197e-01
3.036858293106586282e-01
3.035880900621613088e-01
3.034900013317186063e-01
3.033915627803602244e-01
3.032927740674661310e-01
3.031936348507600631e-01
3.030941447863024774e-01
3.029943035284842767e-01
3.028941107300198721e-01
3.027935660419404651e-01
3.026926691135870540e-01
3.025914195926036609e-01
3.024898171249305046e-01
3.023878613547967276e-01
3.022855519247136802e-01
3.021828884754675926e-01
3.020798706461125804e-01
3.019764980739634286e-01
3.018727703945884300e-01
3.017686872418019473e-01
3.016642482476572518e-01
3.015594530424390851e-01
3.014543012546560541e-01
3.013487925110336363e-01
3.012429264365059645e-01
3.011367026542089431e-01
3.010301207854720329e-01
3.009231804498107565e-01
3.008158812649192604e-01
3.007082228466620433e-01
3.006002048090662959e-01
3.004918267643141849e-01
3.003830883227344706e-01
3.002739890927949573e-01
3.001645286810938895e-01
3.000547066923525685e-01
2.999445227294062488e-01
2.998339763931965885e-01
2.997230672827631559e-01
2.996117949952349369e-01
2.995001591258220630e-01
2.993881592678071524e-01
2.992757950125371491e-01
2.991630659494141642e-01
2.990499716658873708e-01
2.989365117474439559e-01
2.988226857776002388e-01
2.987084933378933438e-01
2.985939340078717086e-01
2.984790073650864795e-01
2.983637129850822411e-01
2.982480504413882461e-01
2.981320193055088663e-01
2.980156191469146565e-01
2.978988495330328612e-01
2.977817100292382557e-01
2.976642001988435982e-01
2.975463196030901369e-01
2.974280678011381740e-01
2.973094443500570727e-01
2.971904488048161541e-01
2.970710807182744828e-01
2.969513396411711526e-01
2.968312251221152942e-01
2.967107367075764168e-01
2.965898739418739716e-01
2.964686363671674707e-01
2.963470235234462180e-01
2.962250349485189282e-01
2.961026701780037906e-01
2.959799287453175332e-01
2.958568101816652640e-01
2.957333140160298135e-01
2.956094397751611313e-01
2.954851869835654066e-01
2.953605551634946313e-01
2.952355438349352768e-01
2.951101525155977456e-01
2.949843807209050484e-01
2.948582279639818116e-01
2.947316937556431204e-01
2.946047776043830835e-01
2.944774790163637301e-01
2.943497974954035201e-01
2.942217325429653529e-01
2.940932836581456322e-01
2.939644503376623308e-01
2.938352320758429448e-01
2.937056283646129473e-01
2.935756386934837425e-01
2.934452625495405087e-01
2.933144994174304299e-01
2.931833487793498727e-01
2.930518101150326182e-01
2.929198829017373162e-01
2.927875666142347733e-01
2.926548607247956846e-01
2.925217647031777002e-01
2.923882780166128792e-01
2.922544001297945337e-01
2.921201305048645724e-01
2.919854686014001777e-01
2.918504138764010380e-01
2.917149657842754151e-01
2.915791237768274868e-01
2.914428873032435807e-01
2.913062558100785182e-01
2.911692287412421254e-01
2.910318055379854663e-01
2.908939856388867984e-01
2.907557684798379172e-01
2.906171534940297785e-01
2.904781401119383988e-01
2.903387277613106998e-01
2.901989158671499647e-01
2.900587038517013494e-01
2.899180911344373390e-01
2.897770771320429262e-01
2.896356612584008450e-01
2.894938429245765277e-01
2.893516215388031720e-01
2.892089965064664203e-01
2.890659672300890937e-01
2.889225331093158156e-01
2.887786935408974132e-01
2.886344479186753742e-01
2.884897956335659153e-01
2.883447360735441611e-01
2.881992686236281576e-01
2.880533926658626065e-01
2.879071075793028234e-01
2.877604127399978062e-01
2.876133075209745815e-01
2.874657912922207736e-01
2.873178634206680626e-01
2.871695232701753642e-01
2.870207702015118434e-01
2.868716035723394286e-01
2.867220227371957142e-01
2.865720270474764741e-01
2.864216158514180655e-01
2.862707884940797753e-01
2.861195443173257802e-01
2.859678826598071599e-01
2.858158028569439124e-01
2.856633042409065792e-01
2.855103861405976495e-01
2.853570478816332412e-01
2.852032887863241717e-01
2.850491081736570287e-01
2.848945053592752963e-01
2.847394796554600371e-01
2.845840303711107966e-01
2.844281568117255632e-01
2.842718582793817839e-01
2.841151340727160468e-01
2.839579834869043196e-01
2.838004058136417984e-01
2.836424003411224803e-01
2.834839663540189569e-01
2.833251031334615422e-01
2.831658099570176779e-01
2.830060860986705618e-01
2.828459308287987195e-01
2.826853434141538557e-01
2.825243231178402037e-01
2.823628691992920992e-01
2.822009809142527192e-01
2.820386575147517672e-01
2.818758982490833231e-01
2.817127023617835291e-01
2.815490690936078844e-01
2.813849976815087084e-01
2.812204873586120479e-01
2.810555373541944180e-01
2.808901468936598200e-01
2.807243151985160390e-01
2.805580414863506067e-01
2.803913249708075428e-01
2.802241648615627634e-01
2.800565603642998225e-01
2.798885106806855982e-01
2.797200150083452574e-01
2.795510725408377195e-01
2.793816824676298993e-01
2.792118439740720603e-01
2.790415562413718908e-01
2.788708184465684137e-01
2.786996297625066177e-01
2.785279893578107568e-01
2.783558963968579825e-01
2.781833500397517533e-01
2.780103494422948018e-01
2.778368937559620999e-01
2.776629821278736032e-01
2.774886137007661624e-01
2.773137876129661561e-01
2.771385029983612913e-01
2.769627589863720707e-01
2.767865547019234818e-01
2.766098892654158536e-01
2.764327617926961578e-01
2.762551713950283649e-01
2.760771171790639689e-01
2.758985982468121212e-01
2.757196136956096000e-01
2.755401626180902785e-01
2.753602441021547054e-01
2.751798572309388513e-01
2.749990010827834119e-01
2.748176747312018331e-01
2.746358772448488361e-01
2.744536076874884989e-01
2.742708651179616708e-01
2.740876485901535542e-01
2.739039571529608419e-01
2.737197898502584659e-01
2.735351457208660131e-01
2.733500237985141967e-01
2.731644231118104948e-01
2.729783426842051219e-01
2.727917815339559460e-01
2.726047386740936274e-01
2.724172131123863694e-01
2.722292038513041135e-01
2.720407098879826790e-01
2.718517302141874592e-01
2.716622638162766168e-01
2.714723096751643361e-01
2.712818667662832417e-01
2.710909340595470951e-01
2.708995105193124919e-01
2.707075951043406148e-01
2.705151867677584310e-01
2.703222844570198347e-01
2.701288871138660674e-01
2.699349936742859168e-01
2.697406030684754707e-01
2.695457142207979273e-01
2.693503260497421281e-01
2.691544374678817020e-01
2.689580473818330986e-01
2.687611546922137329e-01
2.685637582935992973e-01
2.683658570744809624e-01
2.681674499172219672e-01
2.679685356980141542e-01
2.677691132868336710e-01
2.675691815473963397e-01
2.673687393371129151e-01
2.671677855070435093e-01
2.669663189018520733e-01
2.667643383597593787e-01
2.665618427124972767e-01
2.663588307852608472e-01
2.661553013966609371e-01
2.659512533586760874e-01
2.657466854766041275e-01
2.655415965490128261e-01
2.653359853676906521e-01
2.651298507175967045e-01
2.649231913768102520e-01
2.647160061164795519e-01
2.645082937007706692e-01
2.643000528868153509e-01
2.640912824246585133e-01
2.638819810572052837e-01
2.636721475201672105e-01
2.634617805420086945e-01
2.632508788438917557e-01
2.630394411396213550e-01
2.628274661355893826e-01
2.626149525307185928e-01
2.624018990164054821e-01
2.621883042764632243e-01
2.619741669870634393e-01
2.617594858166775729e-01
2.615442594260179998e-01
2.613284864679778496e-01
2.611121655875709990e-01
2.608952954218707321e-01
2.606778745999484559e-01
2.604599017428110286e-01
2.602413754633383647e-01
2.600222943662193753e-01
2.598026570478880193e-01
2.595824620964585772e-01
2.593617080916596485e-01
2.591403936047684819e-01
2.589185171985435296e-01
2.586960774271573893e-01
2.584730728361277485e-01
2.582495019622491617e-01
2.580253633335226615e-01
2.578006554690854824e-01
2.575753768791399501e-01
2.573495260648812066e-01
2.571231015184246016e-01
2.568961017227320842e-01
2.566685251515378741e-01
2.564403702692735210e-01
2.562116355309915772e-01
2.559823193822892695e-01
2.557524202592306728e-01
2.555219365882684945e-01
2.552908667861644165e-01
2.550592092599094918e-01
2.548269624066428762e-01
2.545941246135699498e-01
2.543606942578795493e-01
2.541266697066604796e-01
2.538920493168166370e-01
2.536568314349816333e-01
2.534210143974324758e-01
2.531845965300017487e-01
2.529475761479895723e-01
2.527099515560740639e-01
2.524717210482210761e-01
2.522328829075926038e-01
2.519934354064545801e-01
2.517533768060833399e-01
2.515127053566711401e-01
2.512714192972307359e-01
2.510295168554981804e-01
2.507869962478360693e-01
2.505438556791335647e-01
2.503000933427073638e-01
2.500557074201998908e-01
2.498106960814775734e-01
2.495650574845268699e-01
2.493187897753499638e-01
2.490718910878588765e-01
2.488243595437682198e-01
2.485761932524869766e-01
2.483273903110089498e-01
2.480779488038018787e-01
2.478278668026951403e-01
2.475771423667665616e-01
2.473257735422272896e-01
2.470737583623058564e-01
2.468210948471306065e-01
2.465677810036106532e-01
2.463138148253156134e-01
2.460591942923539277e-01
2.458039173712493197e-01
2.455479820148165904e-01
2.452913861620348857e-01
2.450341277379203819e-01
2.447762046533967506e-01
2.445176148051644016e-01
2.442583560755681449e-01
2.439984263324631864e-01
2.437378234290792367e-01
2.434765452038833711e-01
2.432145894804410013e-01
2.429519540672750721e-01
2.426886367577237025e-01
2.424246353297958012e-01
2.421599475460252948e-01
2.418945711533230791e-01
2.416285038828274168e-01
2.413617434497525027e-01
2.410942875532347540e-01
2.408261338761777393e-01
2.405572800850945270e-01
2.402877238299486740e-01
2.400174627439925490e-01
2.397464944436042134e-01
2.394748165281216923e-01
2.392024265796756088e-01
2.389293221630190145e-01
2.386555008253559707e-01
2.383809600961669939e-01
2.381056974870327803e-01
2.378297104914553761e-01
2.375529965846772951e-01
2.372755532234980536e-01
2.369973778460882363e-01
2.367184678718014246e-01
2.364388207009834320e-01
2.361584337147788759e-01
2.358773042749355564e-01
2.355954297236060313e-01
2.353128073831463885e-01
2.350294345559126585e-01
2.347453085240542581e-01
2.344604265493047679e-01
2.341747858727697973e-01
2.338883837147119060e-01
2.336012172743331394e-01
2.333132837295535944e-01
2.330245802367880703e-01
2.327351039307188341e-01
2.324448519240657207e-01
2.321538213073527923e-01
2.318620091486719992e-01
2.315694124934434550e-01
2.312760283641721870e-01
2.309818537602018884e-01
2.306868856574650073e-01
2.303911210082291161e-01
2.300945567408402281e-01
2.297971897594619228e-01
2.294990169438109739e-01
2.292000351488897025e-01
2.289002412047134727e-01
2.285996319160353563e-01
2.282982040620662456e-01
2.279959543961908308e-01
2.276928796456800796e-01
2.273889765113988326e-01
2.270842416675096509e-01
2.267786717611721958e-01
2.264722634122381117e-01
2.261650132129414126e-01
2.258569177275844830e-01
2.255479734922193613e-01
2.252381770143241646e-01
2.249275247724748517e-01
2.246160132160119893e-01
2.243036387647025232e-01
2.239903978083966352e-01
2.236762867066790783e-01
2.233613017885155982e-01
2.230454393518937484e-01
2.227286956634581816e-01
2.224110669581407518e-01
2.220925494387843979e-01
2.217731392757615050e-01
2.214528326065865749e-01
2.211316255355224580e-01
2.208095141331806732e-01
2.204864944361155099e-01
2.201625624464119135e-01
2.198377141312662930e-01
2.195119454225614442e-01
2.191852522164344230e-01
2.188576303728372585e-01
2.185290757150911700e-01
2.181995840294333744e-01
2.178691510645566487e-01
2.175377725311412325e-01
2.172054441013797632e-01
2.168721614084938021e-01
2.165379200462429488e-01
2.162027155684255464e-01
2.158665434883716427e-01
2.155293992784272361e-01
2.151912783694300002e-01
2.148521761501763216e-01
2.145120879668798719e-01
2.141710091226203538e-01
2.138289348767835885e-01
2.134858604444919983e-01
2.131417809960252097e-01
2.127966916562313016e-01
2.124505875039272851e-01
2.121034635712903682e-01
2.117553148432375076e-01
2.114061362567952740e-01
2.110559227004583649e-01
2.107046690135369327e-01
2.103523699854926432e-01
2.099990203552628831e-01
2.096446148105735596e-01
2.092891479872392158e-01
2.089326144684510445e-01
2.085750087840520517e-01
2.082163254097994520e-01
2.078565587666136860e-01
2.074957032198138374e-01
2.071337530783395053e-01
2.067707025939581611e-01
2.064065459604583208e-01
2.060412773128277863e-01
2.056748907264168980e-01
2.053073802160861883e-01
2.049387397353383267e-01
2.045689631754338544e-01
2.041980443644904608e-01
2.038259770665651338e-01
2.034527549807192137e-01
2.030783717400657107e-01
2.027028209107983037e-01
2.023260959912021595e-01
2.019481904106452952e-01
2.015690975285509001e-01
2.011888106333495907e-01
2.008073229414112648e-01
2.004246275959564172e-01
2.000407176659454445e-01
1.996555861449468838e-01
1.992692259499825869e-01
1.988816299203504667e-01
1.984927908164233479e-01
1.981027013184238905e-01
1.977113540251749235e-01
1.973187414528243810e-01
1.969248560335443432e-01
1.965296901142036257e-01
1.961332359550128912e-01
1.957354857281423111e-01
1.953364315163095277e-01
1.949360653113401953e-01
1.945343790126963790e-01
1.941313644259753668e-01
1.937270132613761187e-01
1.933213171321338797e-01
1.929142675529206541e-01
1.925058559382123446e-01
1.920960736006199210e-01
1.916849117491852272e-01
1.912723614876393474e-01
1.908584138126233065e-01
1.904430596118694419e-01
1.900262896623429176e-01
1.896080946283422441e-01
1.891884650595570261e-01
1.887673913890828281e-01
1.883448639313911877e-01
1.879208728802536643e-01
1.874954083066189825e-01
1.870684601564416016e-01
1.866400182484606873e-01
1.862100722719273183e-01
1.857786117842798734e-01
1.853456262087645467e-01
1.849111048320005168e-01
1.844750368014875797e-01
1.840374111230552168e-01
1.835982166582502961e-01
1.831574421216629056e-01
1.827150760781876271e-01
1.822711069402185857e-01
1.818255229647763871e-01
1.813783122505647771e-01
1.809294627349549434e-01
1.804789621908953479e-01
1.800267982237448161e-01
1.795729582680263836e-01
1.791174295840995689e-01
1.786601992547487139e-01
1.782012541816844209e-01
1.777405810819554233e-01
1.772781664842689453e-01
1.768139967252148614e-01
1.763480579453925723e-01
1.758803360854358511e-01
1.754108168819338842e-01
1.749394858632433714e-01
1.744663283451899360e-01
1.739913294266540733e-01
1.735144739850378592e-01
1.730357466716095916e-01
1.725551319067201994e-01
1.720726138748897294e-01
1.715881765197570519e-01
1.711018035388897074e-01
1.706134783784489517e-01
1.701231842277037276e-01
1.696309040133904822e-01
1.691366203939113910e-01
1.686403157533665764e-01
1.681419721954141022e-01
1.676415715369512505e-01
1.671390953016115843e-01
1.666345247130701368e-01
1.661278406881505909e-01
1.656190238297260142e-01
1.651080544194082900e-01
1.645949124100144489e-01
1.640795774178050725e-01
1.635620287144842200e-01
1.630422452189528304e-01
1.625202054888057746e-01
1.619958877115628970e-01
1.614692696956236129e-01
1.609403288609349281e-01
1.604090422293608376e-01
1.598753864147416659e-01
1.593393376126315542e-01
1.588008715897003820e-01
1.582599636727873016e-01
1.577165887375913400e-01
1.571707211969844142e-01
1.566223349889312444e-01
1.560714035639998443e-01
1.555178998724453532e-01
1.549617963508492791e-01
1.544030649082956119e-01
1.538416769120635186e-01
1.532776031728159405e-01
1.527108139292625288e-01
1.521412788322734633e-01
1.515689669284198682e-01
1.509938466429158743e-01
1.504158857619349865e-01
1.498350514142725021e-01
1.492513100523241709e-01
1.486646274323500105e-01
1.480749685939895532e-01
1.474822978389937478e-01
1.468865787091368225e-01
1.462877739632685581e-01
1.456858455534660868e-01
1.450807546002415294e-01
1.444724613667595636e-01
1.438609252320142973e-01
1.432461046629181223e-01
1.426279571852422656e-01
1.420064393533547464e-01
1.413815067186930952e-01
1.407531137969061652e-01
1.401212140335962308e-01
1.394857597685874306e-01
1.388467021986420358e-01
1.382039913385420815e-01
1.375575759804466558e-01
1.369074036514315584e-01
1.362534205691100508e-01
1.355955715952282814e-01
1.349338001871202009e-01
1.342680483469012309e-01
1.335982565682690693e-01
1.329243637807734912e-01
1.322463072914056292e-01
1.315640227233474402e-01
1.308774439517107757e-01
1.301865030360828956e-01
1.294911301496823319e-01
1.287912535049139939e-01
1.280867992750978623e-01
1.273776915121266340e-01
1.266638520597921369e-01
1.259452004624965482e-01
1.252216538690456848e-01
1.244931269311958938e-01
1.237595316965999920e-01
1.230207774957699091e-01
1.222767708226416977e-01
1.215274152082939374e-01
1.207726110873339892e-01
1.200122556564240384e-01
1.192462427243746181e-01
1.184744625531813644e-01
1.176968016893279179e-01
1.169131427846156340e-01
1.161233644057128173e-01
1.153273408315440979e-01
1.145249418375552941e-01
1.137160324657997684e-01
1.129004727796891899e-01
1.120781176021393571e-01
1.112488162357142957e-01
1.104124121632327898e-01
1.095687427271418019e-01
1.087176387857862053e-01
1.078589243445061685e-01
1.069924161592692019e-01
1.061179233102952507e-01
1.052352467428488286e-01
1.043441787720520569e-01
1.034445025482106789e-01
1.025359914787324078e-01
1.016184086022494798e-01
1.006915059100214616e-01
9.975502360908525268e-02
9.880868932091728396e-02
9.785221720856947247e-02
9.688530702431447095e-02
9.590764306876393974e-02
9.491889305118492159e-02
9.391870683929981478e-02
9.290671508517259203e-02
9.188252771183237633e-02
9.084573224296760285e-02
8.979589195533059509e-02
8.873254383028228442e-02
8.765519627711551576e-02
8.656332659627540005e-02
8.545637814519377318e-02
8.433375716296756530e-02
8.319482920228590817e-02
8.203891510752556182e-02
8.086528646637669571e-02
7.967316044820652032e-02
7.846169392492924333e-02
7.722997674853981920e-02
7.597702403251825609e-02
7.470176725046613619e-02
7.340304392254382027e-02
7.207958560573229922e-02
7.073000383387810508e-02
